10 10
b(1,1) 0.719
b(1,2) 0.646
b(1,3) 0.365
b(1,4) 1.611
b(1,5) 1.012
b(1,6) 1.517
b(1,7) 0.453
b(1,8) 6.534
b(1,9) 2.931
b(1,10) 1.447
b(2,1) 1.289
b(2,2) 0.739
b(2,3) 10.160
b(2,4) 0.702
b(2,5) 2.511
b(2,6) 2.364
b(2,7) 11.002
b(2,8) 14.266
b(2,9) 1.578
b(2,10) 0.783
b(3,1) 1.285
b(3,2) 0.823
b(3,3) 2.309
b(3,4) 0.780
b(3,5) 0.644
b(3,6) 0.301
b(3,7) 58.499
b(3,8) 0.121
b(3,9) 2.114
b(3,10) 0.988
b(4,1) 3.711
b(4,2) 2.251
b(4,3) 0.252
b(4,4) 0.873
b(4,5) 2.172
b(4,6) 0.185
b(4,7) 0.387
b(4,8) 0.097
b(4,9) 5.463
b(4,10) 1.201
b(5,1) 2.363
b(5,2) 1.609
b(5,3) 1.174
b(5,4) 3.406
b(5,5) 5.598
b(5,6) 0.981
b(5,7) 0.898
b(5,8) 0.355
b(5,9) 0.851
b(5,10) 0.264
b(6,1) 1.531
b(6,2) 0.332
b(6,3) 1.100
b(6,4) 8.501
b(6,5) 1.790
b(6,6) 0.797
b(6,7) 3.802
b(6,8) 1.161
b(6,9) 0.072
b(6,10) 1.100
b(7,1) 0.161
b(7,2) 1.725
b(7,3) 1.371
b(7,4) 0.465
b(7,5) 1.524
b(7,6) 2.616
b(7,7) 3.721
b(7,8) 1.156
b(7,9) 3.968
b(7,10) 0.929
b(8,1) 0.773
b(8,2) 2.807
b(8,3) 0.314
b(8,4) 0.208
b(8,5) 3.406
b(8,6) 0.230
b(8,7) 0.305
b(8,8) 1.165
b(8,9) 11.075
b(8,10) 0.702
b(9,1) 1.788
b(9,2) 3.174
b(9,3) 2.894
b(9,4) 1.079
b(9,5) 0.321
b(9,6) 2.164
b(9,7) 0.719
b(9,8) 0.575
b(9,9) 0.530
b(9,10) 1.981
b(10,1) 7.998
b(10,2) 0.922
b(10,3) 0.396
b(10,4) 2.946
b(10,5) 4.160
b(10,6) 2.373
b(10,7) 0.564
b(10,8) 0.638
b(10,9) 1.912
b(10,10) 0.352
0