10 10
a(1,1) 1.109
a(1,2) 2.949
a(1,3) 2.642
a(1,4) 3.037
a(1,5) 5.657
a(1,6) 0.912
a(1,7) 0.276
a(1,8) 1.535
a(1,9) 0.348
a(1,10) 0.161
a(2,1) 2.071
a(2,2) 0.959
a(2,3) 15.647
a(2,4) 2.228
a(2,5) 0.997
a(2,6) 4.548
a(2,7) 0.540
a(2,8) 0.352
a(2,9) 0.210
a(2,10) 0.606
a(3,1) 11.295
a(3,2) 0.007
a(3,3) 2.749
a(3,4) 6.644
a(3,5) 0.052
a(3,6) 43.934
a(3,7) 0.983
a(3,8) 0.946
a(3,9) 0.175
a(3,10) 0.592
a(4,1) 0.929
a(4,2) 4.494
a(4,3) 14.165
a(4,4) 0.558
a(4,5) 10.679
a(4,6) 2.351
a(4,7) 0.703
a(4,8) 5.976
a(4,9) 2.547
a(4,10) 1.072
a(5,1) 2.531
a(5,2) 2.099
a(5,3) 1.532
a(5,4) 64.593
a(5,5) 3.115
a(5,6) 1.189
a(5,7) 0.796
a(5,8) 3.753
a(5,9) 0.170
a(5,10) 1.748
a(6,1) 0.543
a(6,2) 0.779
a(6,3) 1.619
a(6,4) 0.253
a(6,5) 1.412
a(6,6) 8.157
a(6,7) 0.374
a(6,8) 0.072
a(6,9) 6.339
a(6,10) 0.562
a(7,1) 0.160
a(7,2) 0.140
a(7,3) 0.280
a(7,4) 4.553
a(7,5) 1.660
a(7,6) 1.182
a(7,7) 2.836
a(7,8) 7.186
a(7,9) 2.529
a(7,10) 2.207
a(8,1) 1.291
a(8,2) 1.677
a(8,3) 0.568
a(8,4) 0.881
a(8,5) 1.198
a(8,6) 0.465
a(8,7) 3.166
a(8,8) 0.067
a(8,9) 5.632
a(8,10) 0.910
a(9,1) 3.229
a(9,2) 0.399
a(9,3) 0.819
a(9,4) 0.498
a(9,5) 1.498
a(9,6) 0.890
a(9,7) 2.346
a(9,8) 1.303
a(9,9) 0.520
a(9,10) 2.095
a(10,1) 0.631
a(10,2) 2.723
a(10,3) 3.140
a(10,4) 0.442
a(10,5) 0.720
a(10,6) 0.944
a(10,7) 3.842
a(10,8) 0.694
a(10,9) 1.537
a(10,10) 2.960
0