10 10
c(1,1) 37.169
c(1,2) 27.349
c(1,3) 46.808
c(1,4) 36.887
c(1,5) 56.556
c(1,6) 18.497
c(1,7) 199.061
c(1,8) 55.408
c(1,9) 53.548
c(1,10) 14.748
c(2,1) 46.000
c(2,2) 26.198
c(2,3) 55.062
c(2,4) 62.554
c(2,5) 37.752
c(2,6) 18.520
c(2,7) 948.481
c(2,8) 36.498
c(2,9) 61.320
c(2,10) 28.527
c(3,1) 109.642
c(3,2) 44.642
c(3,3) 62.990
c(3,4) 402.392
c(3,5) 113.821
c(3,6) 58.847
c(3,7) 340.068
c(3,8) 128.621
c(3,9) 94.034
c(3,10) 77.518
c(4,1) 73.428
c(4,2) 61.858
c(4,3) 104.605
c(4,4) 80.022
c(4,5) 113.251
c(4,6) 40.019
c(4,7) 904.121
c(4,8) 88.393
c(4,9) 124.438
c(4,10) 35.205
c(5,1) 272.693
c(5,2) 169.312
c(5,3) 50.483
c(5,4) 90.337
c(5,5) 190.003
c(5,6) 32.677
c(5,7) 151.390
c(5,8) 61.924
c(5,9) 417.733
c(5,10) 90.852
c(6,1) 36.184
c(6,2) 29.294
c(6,3) 41.648
c(6,4) 85.742
c(6,5) 31.791
c(6,6) 27.132
c(6,7) 142.194
c(6,8) 29.373
c(6,9) 16.130
c(6,10) 25.798
c(7,1) 51.469
c(7,2) 48.875
c(7,3) 20.861
c(7,4) 32.295
c(7,5) 60.782
c(7,6) 23.853
c(7,7) 41.547
c(7,8) 19.992
c(7,9) 124.051
c(7,10) 21.290
c(8,1) 28.542
c(8,2) 30.970
c(8,3) 41.982
c(8,4) 22.746
c(8,5) 25.982
c(8,6) 30.447
c(8,7) 71.811
c(8,8) 41.036
c(8,9) 31.526
c(8,10) 20.094
c(9,1) 29.709
c(9,2) 18.168
c(9,3) 15.947
c(9,4) 27.319
c(9,5) 32.753
c(9,6) 20.893
c(9,7) 69.367
c(9,8) 34.368
c(9,9) 43.906
c(9,10) 12.628
c(10,1) 40.363
c(10,2) 23.654
c(10,3) 48.247
c(10,4) 28.550
c(10,5) 37.204
c(10,6) 30.440
c(10,7) 235.620
c(10,8) 52.766
c(10,9) 45.285
c(10,10) 16.050
0